#iteration #total simulation time
11 2.0
12 5.0
13 9.0
14 13.0
15 17.0
16 20.0
17 23.0
18 26.0
19 29.0
20 32.0
21 36.0
22 39.0
23 42.0
24 44.0
25 47.0
26 51.0
27 54.0
28 57.0
29 59.0
30 62.0
31 66.0
32 72.0
33 78.0
34 84.0
35 88.0
36 92.0
37 97.0
38 103.0
39 110.0
40 117.0
41 123.0
42 127.0
43 131.0
44 135.0
45 141.0
46 147.0
47 152.0
48 157.0
49 162.0
50 167.0
51 171.0
52 174.0
53 179.0
54 185.0
55 191.0
56 197.0
57 203.0
58 209.0
59 215.0
60 222.0
61 228.0
62 234.0
63 240.0
64 245.0
65 251.0
66 254.0
