#iteration #total simulation time
11 2.0
12 5.0
13 9.0
14 13.0
15 19.0
16 24.0
17 30.0
18 37.0
19 46.0
20 54.0
21 62.0
22 70.0
23 78.0
24 86.0
25 94.0
26 102.0
27 110.0
28 118.0
29 127.0
30 136.0
31 144.0
32 152.0
33 161.0
34 170.0
35 179.0
36 188.0
37 197.0
38 206.0
39 215.0
40 224.0
41 233.0
42 242.0
43 251.0
44 260.0
45 269.0
46 278.0
47 287.0
48 296.0
49 305.0
50 314.0
51 322.0
52 331.0
53 339.0
54 347.0
55 356.0
56 365.0
57 374.0
58 383.0
59 391.0
60 400.0
61 409.0
62 418.0
63 427.0
64 436.0
65 444.0
66 453.0
67 462.0
68 470.0
69 479.0
70 487.0
71 495.0
72 503.0
73 512.0
74 521.0
75 530.0
76 539.0
77 548.0
78 557.0
79 565.0
80 574.0
81 583.0
82 592.0
83 601.0
84 610.0
85 619.0
86 628.0
87 637.0
88 645.0
89 653.0
90 661.0
91 670.0
92 679.0
93 687.0
94 694.0
95 703.0
96 711.0
97 720.0
98 729.0
99 738.0
100 746.0
