#iteration #total simulation time
11 1.0
12 3.0
13 8.0
14 14.0
15 20.0
16 28.0
17 38.0
18 48.0
19 59.0
20 70.0
21 81.0
22 92.0
23 103.0
24 113.0
25 124.0
26 135.0
27 146.0
28 156.0
29 167.0
30 178.0
31 189.0
32 198.0
33 208.0
34 217.0
35 227.0
36 236.0
37 245.0
38 254.0
39 263.0
40 273.0
41 283.0
42 293.0
43 302.0
44 311.0
45 321.0
46 332.0
47 343.0
48 352.0
49 362.0
50 373.0
51 383.0
52 394.0
53 405.0
54 416.0
55 426.0
56 437.0
57 448.0
58 459.0
59 469.0
60 479.0
61 489.0
62 498.0
63 506.0
64 515.0
65 524.0
66 534.0
67 544.0
68 554.0
69 564.0
70 575.0
71 585.0
72 595.0
73 606.0
74 616.0
75 627.0
76 637.0
77 648.0
78 658.0
79 668.0
80 679.0
81 689.0
82 699.0
83 709.0
84 718.0
85 728.0
86 737.0
87 748.0
88 758.0
89 768.0
90 778.0
91 788.0
92 798.0
93 808.0
94 817.0
95 827.0
96 837.0
97 846.0
98 857.0
99 866.0
100 874.0
