#iteration #total simulation time
11 2.0
12 6.0
13 11.0
14 17.0
15 24.0
16 32.0
17 43.0
18 57.0
19 71.0
20 85.0
21 99.0
22 112.0
23 125.0
24 138.0
25 151.0
26 164.0
27 177.0
28 190.0
29 203.0
30 217.0
31 230.0
32 244.0
33 258.0
34 272.0
35 286.0
36 300.0
37 314.0
38 328.0
39 342.0
40 356.0
41 370.0
42 383.0
43 397.0
44 411.0
45 425.0
46 439.0
47 453.0
48 467.0
49 481.0
50 495.0
51 508.0
52 522.0
53 535.0
54 549.0
55 563.0
56 576.0
57 590.0
58 603.0
59 617.0
60 631.0
61 645.0
62 658.0
63 671.0
64 685.0
65 699.0
66 713.0
67 727.0
68 741.0
69 754.0
70 768.0
71 781.0
72 794.0
73 808.0
74 822.0
75 836.0
76 850.0
77 864.0
78 877.0
79 891.0
80 905.0
81 919.0
82 932.0
83 945.0
84 959.0
85 973.0
86 987.0
87 1001.0
88 1015.0
89 1029.0
90 1042.0
91 1056.0
92 1070.0
93 1084.0
94 1097.0
95 1111.0
96 1124.0
97 1138.0
98 1152.0
99 1166.0
100 1180.0
