#iteration #total simulation time
11 2.0
12 7.0
13 14.0
14 22.0
15 31.0
16 42.0
17 53.0
18 64.0
19 74.0
20 84.0
21 93.0
22 104.0
23 114.0
24 124.0
25 134.0
26 145.0
27 156.0
28 167.0
29 178.0
30 189.0
31 199.0
32 210.0
33 221.0
34 231.0
35 241.0
36 252.0
37 263.0
38 274.0
39 284.0
40 294.0
41 304.0
42 313.0
43 322.0
44 331.0
45 342.0
46 352.0
47 362.0
48 373.0
49 383.0
50 391.0
51 399.0
52 407.0
53 417.0
54 428.0
55 438.0
56 448.0
57 459.0
58 470.0
59 481.0
60 492.0
61 503.0
62 514.0
63 524.0
64 535.0
65 546.0
66 557.0
67 568.0
68 578.0
69 589.0
70 600.0
71 611.0
72 622.0
73 633.0
74 644.0
75 655.0
76 666.0
77 677.0
78 688.0
79 699.0
80 710.0
81 721.0
82 732.0
83 742.0
84 753.0
85 763.0
86 774.0
87 784.0
88 795.0
89 805.0
90 815.0
91 826.0
92 836.0
93 847.0
94 858.0
95 869.0
96 879.0
97 890.0
98 899.0
99 909.0
100 920.0
