17.6190424249094
12.319748234559242
6.964413043588424
2.6831602341502054
4.057711892508195
6.577605934957563
6.427441226893404
4.484352271322068
2.6993920614841542
2.883177430268317
4.124933214623304
5.221558634441335
5.391352727890575
4.5182851839551565
3.3525795738919557
2.800791483007811
3.37137318214771
4.517632101200474
5.3467069017207605
5.156490164192684
4.158572139694367
3.1950343445015763
2.954573227878728
3.5488931427523425
4.453181582551776
4.963001144477526
4.763692155025514
4.047150753809686
3.31988586262649
3.075381351446918
3.4430946197394268
4.192402726904512
4.795294257439822
4.826518396809118
4.232051638872624
3.466458177953689
3.115958607269605
3.4255913461461702
4.156655949662421
4.7800142733012425
4.789161181715727
4.211781008995385
3.4853795896777555
3.1588307272885703
3.394249612768844
3.996358634467421
4.405083437967313
4.376362697105723
4.09383121664934
3.78469084805885
3.6739650952931595
3.8096535573849573
4.094569294144055
4.290897979870438
4.272489732021239
4.067743125714572
3.8189874473787855
3.661006297269526
3.68569534058076
3.9206718377654126
4.224425760418106
4.3696575933760355
4.260538052998432
3.977999293061054
3.7066768785941284
3.654467708747169
3.8415544640292705
4.11057048349247
4.291560150717254
4.2808533349198825
4.081998636819012
3.8530989762250174
3.7272147088491723
3.7384180400759828
3.890326519137848
4.090266592171115
4.172132406465469
4.129892270073555
4.052927887306926
3.923559992906341
3.8778487258505216
3.965178420026665
4.10962683553932
4.166075395410393
4.061785887267134
3.900667474428032
3.8409988232771357
3.9249574550505106
4.130526013068172
4.246087421954072
4.2161579415656565
4.112086905098089
3.962637903594527
3.8871011849199992
3.958837341662295
3.999585146465727
3.936050526527427
3.9443755791877204
4.012046485973816
4.088201443117626
4.117343057627655
4.056610935429071
3.958870662156821
3.90745465180397
3.9956566781915095
4.136825877862298
4.208192702542534
4.195965462746261
4.015209387570236
3.847287544586181
3.806813910140756
3.936634698893449
4.102748391186259
4.167656208437592
4.128633405655416
4.054902369219054
3.93692403332916
3.8643572458582343
3.93611222431985
4.069291276157215
4.155351125217498
4.1483852545680575
3.9981567504425373
3.9138111814676106
3.9161430464132034
3.896658870936554
3.87275645033223
3.989344850891197
4.138094268037141
4.286326288160243
4.261178032354957
4.094817193556798
3.918099853895587
3.80831725017807
3.815098359323341
3.809039144617936
3.8396145868623806
3.968093476941956
4.081494660480272
3.978013483737997
3.858610260622206
3.8612000907974124
3.9961041608704573
4.077513889346581
3.9924705895548596
3.828567687666812
3.703043502316378
3.7581852225646233
4.054200163908136
4.331577603436355
4.340143621699297
4.099868980677962
3.8041547043099855
3.71990997982485
3.8837610030872627
4.110218630641614
4.248442346756015
4.061885973775574
3.712757099201816
3.591682771918745
3.725142704878243
4.002825238071957
4.133662777583153
4.039266651016785
3.854761187909564
3.823867948566819
3.9848652260326967
4.1345610594129125
4.07255726536898
3.9041772697517736
3.7656664356220877
3.7977208574305092
3.9503151851908376
4.062057284574716
4.0021855101757735
3.750316616268185
3.67214884378945
3.8480414153434506
4.113312875864875
4.169961277604989
3.9774655325330457
3.8627254182921207
3.9248677672487964
4.072557753799241
4.126486396228419
4.0188895162403115
3.8121215962057704
3.7149247013381457
3.786989980246656
3.916668948885706
4.039261783634319
4.138755865898706
4.201874941838435
4.150693368551889
4.031846199006558
3.990664006315516
4.0600169712456955
4.1555424119296385
4.218078055542303
4.115661562614281
3.9279577620076784
3.822067905576791
3.727246662038006
3.665927618690912
3.7062035989570856
3.783612219043957
3.8220743905995356
3.818042509855121
3.916499506709144
4.144598462895888
4.3006862298900845
4.311054954494678
4.239064234787876
4.155004980701508
4.12164800196906
4.124917643523939
4.11090578869662
4.128243236001799
4.121444593283758
4.0464671453162335
3.9334522342486773
3.8691592639071053
3.8988064275219187
3.9940096388418493
4.146787370309982
4.262589692403316
4.243610549129551
4.135269215619982
4.071459155446721
4.108216669385399
4.133581745273378
4.103138426772961
4.033861679060037
3.9223937171897285
3.864744239730986
3.8903583912154605
4.015974619176502
4.1238995760984904
4.121628324034116
3.988596145284853
3.8466823090558586
3.801101824710323
3.9084819321140314
3.904217577705552
3.7874309938100237
3.793532531559136
4.032005636528382
4.319379317372788
4.390497415451458
4.182011106519287
